-0.02 
0.15
-0.07
0.14
-0.11
0.11
-0.14
0.07
-0.15
0.02
-0.15
-0.02
-0.14
-0.07
-0.11
-0.11
-0.07
-0.14
-0.02
-0.15
0.02
-0.15
0.07
-0.14
0.11
-0.11
0.14
-0.07
0.15
-0.02
0.15
0.02
0.14
0.07
0.11
0.11
0.07
0.14
0.02
0.15

-0.00
0.03
-0.00
0.03
-0.00
0.03
-0.01
0.03
-0.01
0.03
-0.01
0.03
-0.01
0.03
-0.01
0.03
-0.02
0.03
-0.02
0.03
-0.02
0.02
-0.02
0.02
-0.02
0.02
-0.02
0.02
-0.02
0.02
-0.03
0.02
-0.03
0.02
-0.03
0.01
-0.03
0.01
-0.03
0.01
-0.03
0.01
-0.03
0.01
-0.03
0.00
-0.03
0.00
-0.03
0.00
-0.03
-0.00
-0.03
-0.00
-0.03
-0.00
-0.03
-0.01
-0.03
-0.01
-0.03
-0.01
-0.03
-0.01
-0.03
-0.01
-0.03
-0.02
-0.03
-0.02
-0.02
-0.02
-0.02
-0.02
-0.02
-0.02
-0.02
-0.02
-0.02
-0.02
-0.02
-0.03
-0.02
-0.03
-0.01
-0.03
-0.01
-0.03
-0.01
-0.03
-0.01
-0.03
-0.01
-0.03
-0.00
-0.03
-0.00
-0.03
-0.00
-0.03
0.00
-0.03
0.00
-0.03
0.00
-0.03
0.01
-0.03
0.01
-0.03
0.01
-0.03
0.01
-0.03
0.01
-0.03
0.02
-0.03
0.02
-0.03
0.02
-0.02
0.02
-0.02
0.02
-0.02
0.02
-0.02
0.02
-0.02
0.03
-0.02
0.03
-0.02
0.03
-0.01
0.03
-0.01
0.03
-0.01
0.03
-0.01
0.03
-0.01
0.03
-0.00
0.03
-0.00
0.03
-0.00
0.03
0.00
0.03
0.00
0.03
0.00
0.03
0.01
0.03
0.01
0.03
0.01
0.03
0.01
0.03
0.01
0.03
0.02
0.03
0.02
0.02
0.02
0.02
0.02
0.02
0.02
0.02
0.02
0.02
0.02
0.02
0.03
0.02
0.03
0.01
0.03
0.01
0.03
0.01
0.03
0.01
0.03
0.01
0.03
0.00
0.03
0.00
0.03
0.00
0.03